OFFSET SIZE
2640 12
5276 24
5300 24
5324 20
5344 16
5360 20
5380 16
5396 16
5412 12
5424 16
5440 16
5456 16
5472 24
5496 16
5512 16
5528 20
5540 16
5564 16
5580 20
5600 12
5612 16
5628 20
5648 12
5660 16
5676 20
5696 20
5716 16
5732 16
5748 20
5768 12
5780 20
5800 16
5816 16
5832 16
5848 20
5868 16
5884 16
5900 16
5916 12
5928 20
5948 16
5964 16
5980 12
5992 12
6004 12
6016 12
6028 12
6040 12
6052 12
6064 12
6076 20
6096 12
6108 12
6120 16
6136 16
6152 12
6164 16
6180 20
6200 20
6220 12
6232 12
6244 28
6272 16
6288 16
6304 16
6320 12
6332 12
6344 20
6364 16
6380 16
6396 16
6412 16
6428 12
6440 12
6452 12
6464 12
6476 16
6492 16
6508 12
6520 12
6532 24
6556 12
6568 12
6580 12
6592 12
6604 12
7068 24
7092 20
7112 20
7132 24
7156 20
7176 16
7192 12
7204 20
7224 32
7256 20
7276 20
7296 12
7308 24
7332 16
7348 20
7368 32
7400 16
7416 20
7436 32
7468 32
7500 24
7524 28
7552 24
380048 8
380056 8
380064 8
380072 8
380168 8
380224 4
380228 4
380232 8
380240 8
380248 8
380256 8
380264 8
380272 8
380280 4
380284 4
380288 8
380296 8
380304 8
380312 8
380320 8
380328 8
380336 8
380344 8
380352 8
380360 4
380364 8
