OFFSET SIZE
1372176 8
1372184 5
1372189 6
1372195 6
1372201 8
1372209 6
1956888 8
1956896 4
1956900 8
1956908 4
1956912 8
1956920 4
1956924 8
1956932 8
1956940 8
1956948 12
1956960 12
1956972 12
1956984 16
1957000 4
1957004 16
1957020 8
1957028 16
1957044 8
1957136 8
1957144 4
1957148 8
1957156 4
1957160 8
1957168 4
1957172 8
1957180 8
1957188 8
1957196 12
1957208 12
1957220 12
1957232 16
1957248 4
1957252 16
1957268 8
1957276 16
1957292 8
2529968 8
2529976 4
2529980 12
2529992 12
2530004 16
2530020 16
2530036 8
2530044 8
2530052 8
2530060 12
3027664 8
3027672 4
3027676 8
3027684 4
3027688 8
3027696 4
3027700 8
3027708 8
3027716 8
3027724 12
3027736 12
3027748 12
3027760 16
3027776 4
3027780 16
3027796 8
3027804 16
3027820 8
3027864 12
3027876 20
3027896 8
3027904 16
3027920 8
3027928 24
3051644 16
3051660 16
3051676 16
3051692 20
3051712 16
3051728 12
3051740 16
3051756 20
3051776 16
3051800 20
3051820 20
3051840 20
3051860 16
3051876 20
3051896 20
3051916 20
3051936 12
3051948 20
3051968 20
3051988 20
3052008 8
3052016 20
3052036 20
3052056 20
3052076 16
3052092 20
3052112 20
3052132 20
3052152 16
3052168 20
3052188 20
3052208 20
3052228 8
3052236 16
3052252 20
3052272 20
3052292 16
3052308 16
3052324 20
3052344 20
3052364 20
3052384 16
