OFFSET SIZE
1125636 7
1125643 5
1125648 6
1125654 8
1125662 5
1125667 6
1661256 8
1661264 4
1661268 8
1661276 4
1661280 8
1661288 4
1661292 8
1661300 8
1661308 8
1661316 12
1661328 12
1661340 12
1661352 16
1661368 4
1661372 16
1661388 8
1661396 16
1661412 8
2073944 8
2073952 4
2073956 8
2073964 4
2073968 16
2073984 4
2073988 16
2074004 4
2074008 12
2074020 16
2471256 8
2471264 4
2471268 8
2471276 4
2471280 8
2471288 4
2471292 8
2471300 8
2471308 8
2471316 12
2471328 12
2471340 12
2471352 16
2471368 4
2471372 16
2471388 8
2471396 16
2471412 8
