OFFSET SIZE
1476124 6
1476130 5
1476135 5
1476140 6
1476146 10
1476156 6
2072748 8
2072756 4
2072760 8
2072768 4
2072772 8
2072780 4
2072784 8
2072792 8
2072800 8
2072808 12
2072820 12
2072832 12
2072844 16
2072860 4
2072864 16
2072880 8
2072888 16
2072904 8
2543812 8
2543820 4
2543824 8
2543832 4
2543836 8
2543844 4
2543848 8
2543856 8
2543864 8
2543872 12
2543884 12
2543896 12
2543908 16
2543924 4
2543928 16
2543944 8
2543952 16
2543968 8
3049668 8
3049676 4
3049680 8
3049688 4
3049692 8
3049700 4
3049704 8
3049712 8
3049720 8
3049728 12
3049740 12
3049752 12
3049764 16
3049780 4
3049784 16
3049800 8
3049808 16
3049824 8
