OFFSET SIZE
1335144 6
1335150 6
1335156 7
1335163 7
1335170 5
1335175 6
2014076 8
2014084 4
2014088 8
2014096 4
2014100 8
2014108 4
2014112 8
2014120 8
2014128 8
2014136 12
2014148 12
2014160 12
2014172 16
2014188 4
2014192 16
2014208 8
2014216 16
2014232 8
2014324 8
2014332 4
2014336 8
2014344 4
2014348 8
2014356 4
2014360 8
2014368 8
2014376 8
2014384 12
2014396 12
2014408 12
2014420 16
2014436 4
2014440 16
2014456 8
2014464 16
2014480 8
2014548 16
2014564 4
2014568 8
2014576 4
2014580 16
2014596 4
2014600 16
2014616 4
2014620 16
2014636 8
2014644 16
2014660 8
2661716 8
2661724 4
2661728 8
2661736 4
2661740 8
2661748 4
2661752 8
2661760 8
2661768 8
2661776 12
2661788 12
2661800 12
2661812 16
2661828 4
2661832 16
2661848 8
2661856 16
2661872 8
2661964 8
2661972 4
2661976 8
2661984 4
2661988 8
2661996 4
2662000 8
2662008 8
2662016 8
2662024 12
2662036 12
2662048 12
2662060 16
2662076 4
2662080 16
2662096 8
2662104 16
2662120 8
2662188 16
2662204 4
2662208 8
2662216 4
2662220 16
2662236 4
2662240 16
2662256 4
2662260 16
2662276 8
2662284 16
2662300 8
2662360 8
2662368 4
2662372 12
2662384 12
2662396 16
2662412 16
2662428 8
2662436 8
2662444 8
2662452 12
3153252 8
3153260 4
3153264 8
3153272 4
3153276 8
3153284 4
3153288 8
3153296 8
3153304 8
3153312 12
3153324 12
3153336 12
3153348 16
3153364 4
3153368 16
3153384 8
3153392 16
3153408 8
3153500 8
3153508 4
3153512 8
3153520 4
3153524 8
3153532 4
3153536 8
3153544 8
3153552 8
3153560 12
3153572 12
3153584 12
3153596 16
3153612 4
3153616 16
3153632 8
3153640 16
3153656 8
3153724 16
3153740 4
3153744 8
3153752 4
3153756 16
3153772 4
3153776 16
3153792 4
3153796 16
3153812 8
3153820 16
3153836 8
3153872 16
3153888 8
3153896 8
3153904 4
3467676 8
3467684 4
3467688 8
3467696 4
3467700 8
3467708 4
3467712 8
3467720 8
3467728 8
3467736 12
3467748 12
3467760 12
3467772 16
3467788 4
3467792 16
3467808 8
3467816 16
3467832 8
3467924 8
3467932 4
3467936 8
3467944 4
3467948 8
3467956 4
3467960 8
3467968 8
3467976 8
3467984 12
3467996 12
3468008 12
3468020 16
3468036 4
3468040 16
3468056 8
3468064 16
3468080 8
3468148 16
3468164 4
3468168 8
3468176 4
3468180 16
3468196 4
3468200 16
3468216 4
3468220 16
3468236 8
3468244 16
3468260 8
