OFFSET SIZE
1321800 5
1321805 7
1321812 7
1321819 5
1321824 8
1920800 8
1920808 4
1920812 8
1920820 4
1920824 8
1920832 4
1920836 8
1920844 8
1920852 8
1920860 12
1920872 12
1920884 12
1920896 16
1920912 4
1920916 16
1920932 8
1920940 16
1920956 8
1921048 8
1921056 4
1921060 8
1921068 4
1921072 8
1921080 4
1921084 8
1921092 8
1921100 8
1921108 12
1921120 12
1921132 12
1921144 16
1921160 4
1921164 16
1921180 8
1921188 16
1921204 8
1921272 16
1921288 4
1921292 8
1921300 4
1921304 16
1921320 4
1921324 16
1921340 4
1921344 16
1921360 8
1921368 16
1921384 8
