OFFSET SIZE
1344772 9
1344781 9
1344790 4
1344794 6
1344800 5
1865776 8
1865784 4
1865788 8
1865796 4
1865800 8
1865808 4
1865812 8
1865820 8
1865828 8
1865836 12
1865848 12
1865860 12
1865872 16
1865888 4
1865892 16
1865908 8
1865916 16
1865932 8
1866024 8
1866032 4
1866036 8
1866044 4
1866048 8
1866056 4
1866060 8
1866068 8
1866076 8
1866084 12
1866096 12
1866108 12
1866120 16
1866136 4
1866140 16
1866156 8
1866164 16
1866180 8
1866248 16
1866264 4
1866268 8
1866276 4
1866280 16
1866296 4
1866300 16
1866316 4
1866320 16
1866336 8
1866344 16
1866360 8
